size:50
446634051
1821518347
138910158
1075856457
486438121
728060206
523075718
726311471
268221236
594448046
112797488
1693007986
396430396
850143796
1641343803
1642558913
199125717
1284456748
204815252
916166925
1601857858
1361331901
1442848142
1099247486
1323540819
1713093590
1434072139
1227179899
1277340214
2059591537
1048605563
1723974265
1733626236
1187515721
652347075
72580709
1915575928
1175422793
798892181
36313516
1769870839
911689669
1729321503
18817587
1761833465
1223181658
1661376500
1960959183
360154758
1866191753
