size:50
1878093670
1350860292
671032714
1444146166
759119260
1842260777
1611095119
1368059287
674288164
446776661
1957123657
1327472165
953175916
1891047879
837435026
2088913811
1441484823
290694744
2065270231
882387428
1195998950
317484495
629222406
812403421
589150048
1594702908
239873350
1687644678
71372328
1533969664
1424786750
1949465998
737346308
2095819464
1246128516
1496465569
1790596593
709739987
717041208
317401110
1156516649
526681217
1644873275
2109692565
270245448
334824653
2051122728
1711730271
625519397
1968909311
